111111111111111111111111111111
111111111111111111111111111111
111111111111111111111111111111
111111110000000001111111111111
111000100000000000111111111111
110000000110000000111111110001
110000001110000001111111100001
111000000100000011111111000001
110000000000011111111111000001
110000000000011111111111000001
111000000000001111111111000001
111111001100000111111110000001
111111001100000111111110000011
111111100000000011111110000011
111111110000000011111111000001
111111100000000000000111000001
111111000000000110000000000001
111000000000000111100000000001
110000000000001111111100000001
100000000000011111111110000001
100000000000111111111110000001
100000000000111111110000000011
100000100000011111100000001111
100001111000011111100000011111
100111111000111111100000011111
111111110000111111110000001111
111111111000111111111100001111
111111111100111111111100000111
111111111111111111111110000111
111111111111111111111111111111
