111111111111111111111111111111
111111111100000111111111111111
111111111100000111111111111111
111111111110000111111111111111
111111111110000111111111111111
111111111100000111111111111111
111111111100001111111111111111
111111111110011111111111111111
111110011111111111111111111111
111100001111111111111111111111
111100001111111111100111111111
111100001111111111000001111111
111100001111111100000000111111
111100000111111000000000111111
111100000111111000000000011111
111110001111111000000000001111
111111111111111000000000000111
111111111111000000000000000111
111111111110000000000000000111
111111111000000000000000000111
111100000000011000000000000111
111000000000011100000000000111
111000000000000111100000000111
111000000000000011100000000001
111100000000000001000000000001
111110000000000000000000000001
111100000000000000000000000001
111100000000000000000000000001
111110000000011111100000000001
111111111111111111111111111111
